,rk,TEAM,GP,W,L,MIN,OFFRTG,DEFRTG,NETRTG,AST%,AST/TO,AST Ratio,OREB%,DREB%,REB%,TOV%,EFG%,TS%,PACE,PIE,POSS
23,7,New York Knicks,66,39,27,3168,116.6,112.2,4.4,58.3,1.78,17.5,33.4,73.3,52.9,13.9,53.5,57.0,96.28,51.4,"6,349"

,rk,TEAM,GP,W,L,MIN,OFFRTG,DEFRTG,NETRTG,AST%,AST/TO,AST Ratio,OREB%,DREB%,REB%,TOV%,EFG%,TS%,PACE,PIE,POSS
10,20,Sacramento Kings,65,38,27,3150,117.1,116.0,1.1,65.0,2.16,20.1,28.1,74.6,50.7,13.2,56.5,59.0,100.2,49.5,"6,573"

,Rk,Player,Pos,Age,Tm,G,GS,MP,FG,FGA,FG%,3P,3PA,3P%,2P,2PA,2P%,eFG%,FT,FTA,FT%,ORB,DRB,TRB,AST,STL,BLK,TOV,PF,PTS,Player-additional
2,1,Precious Achiuwa,PF,24,NYK,34,18,27.1,3.7,7.1,0.529,0.3,1.2,0.262,3.4,5.8,0.586,0.552,1.0,1.6,0.66,3.2,4.5,7.7,1.1,0.8,1.3,1.2,2.2,8.8,achiupr01
18,13,OG Anunoby,SF,26,NYK,16,16,35.3,5.8,11.2,0.514,1.8,4.6,0.384,4.0,6.6,0.604,0.592,2.1,2.5,0.825,1.1,3.8,4.9,1.6,1.8,0.9,1.5,2.4,15.3,anunoog01
19,14,Ryan Arcidiacono,PG,29,NYK,20,0,2.3,0.0,0.3,0.0,0.0,0.3,0.0,0.0,0.0,,0.0,0.0,0.0,,0.0,0.4,0.4,0.2,0.1,0.0,0.1,0.3,0.0,arcidry01
40,30,RJ Barrett,SG,23,NYK,26,26,29.5,6.3,14.9,0.423,1.7,5.0,0.331,4.7,9.9,0.469,0.478,4.0,4.8,0.831,0.7,3.5,4.3,2.4,0.5,0.3,1.8,1.7,18.2,barrerj01
72,49,Bojan Bogdanović,SF,34,NYK,13,0,22.7,4.0,10.0,0.4,1.9,5.4,0.357,2.1,4.6,0.45,0.496,1.8,2.2,0.828,0.4,2.0,2.4,1.0,0.4,0.1,1.5,2.0,11.8,bogdabo02
94,67,Charlie Brown Jr.,SG,26,NYK,8,0,4.6,0.3,1.3,0.2,0.3,0.9,0.286,0.0,0.4,0.0,0.3,0.0,0.0,,0.1,0.1,0.3,0.0,0.0,0.3,0.3,0.6,0.8,brownch02
103,74,Jalen Brunson,PG,27,NYK,61,61,35.2,9.6,20.3,0.475,2.6,6.6,0.4,7.0,13.7,0.512,0.54,5.3,6.3,0.844,0.6,3.0,3.6,6.5,0.9,0.2,2.5,1.9,27.2,brunsja01
109,78,Alec Burks,SG,32,NYK,14,1,14.2,2.5,8.0,0.313,1.1,4.1,0.281,1.4,3.9,0.345,0.384,0.9,1.4,0.684,0.4,1.1,1.6,0.7,0.1,0.1,0.8,0.6,7.1,burksal01
161,124,Donte DiVincenzo,SG,27,NYK,65,47,26.8,5.0,11.6,0.437,3.2,8.1,0.399,1.8,3.5,0.524,0.576,1.0,1.3,0.75,0.8,2.7,3.5,2.6,1.3,0.4,1.4,2.0,14.3,divindo01
187,146,Malachi Flynn,PG,25,NYK,14,0,4.3,0.6,1.6,0.391,0.3,0.9,0.308,0.4,0.7,0.5,0.478,0.6,0.8,0.818,0.0,0.4,0.4,0.4,0.1,0.0,0.2,0.2,2.2,flynnma01
195,150,Evan Fournier,SG,31,NYK,3,0,13.0,1.3,6.7,0.2,0.7,5.0,0.133,0.7,1.7,0.4,0.25,0.7,0.7,1.0,0.0,1.3,1.3,1.0,1.3,0.0,0.3,1.3,4.0,fournev01
216,165,Taj Gibson,PF,38,NYK,16,1,10.3,0.4,1.4,0.304,0.0,0.4,0.0,0.4,1.1,0.412,0.304,0.1,0.1,1.0,0.6,1.1,1.8,0.6,0.1,0.4,0.3,1.8,1.0,gibsota01
241,185,Quentin Grimes,SG,23,NYK,45,18,20.2,2.5,6.4,0.395,1.7,4.7,0.363,0.8,1.6,0.486,0.53,0.5,0.8,0.706,0.3,1.6,2.0,1.2,0.7,0.1,0.5,1.5,7.3,grimequ01
258,201,Josh Hart,SF,28,NYK,65,26,32.0,3.5,8.2,0.428,1.1,3.4,0.321,2.4,4.8,0.505,0.495,1.0,1.3,0.765,1.5,6.5,8.0,3.6,0.9,0.3,1.4,2.0,9.1,hartjo01
259,202,Isaiah Hartenstein,C,25,NYK,60,34,24.9,2.7,4.5,0.612,0.0,0.1,0.333,2.7,4.4,0.615,0.614,1.4,1.9,0.726,3.3,5.1,8.3,2.2,1.0,1.1,1.1,2.8,6.9,harteis01
309,246,DaQuan Jeffries,SG,26,NYK,13,0,2.6,0.4,1.1,0.357,0.1,0.5,0.143,0.3,0.5,0.571,0.393,0.0,0.2,0.0,0.0,0.4,0.4,0.2,0.0,0.0,0.1,0.2,0.8,jeffrda01
399,319,Miles McBride,PG,23,NYK,53,5,15.1,2.5,5.6,0.439,1.2,3.1,0.405,1.2,2.5,0.481,0.551,0.4,0.5,0.821,0.3,0.8,1.1,1.4,0.6,0.1,0.4,1.3,6.6,mcbrimi01
428,339,Shake Milton,SG,27,NYK,2,0,2.5,0.0,1.0,0.0,0.0,0.5,0.0,0.0,0.5,0.0,0.0,1.0,1.0,1.0,0.0,0.0,0.0,0.0,0.0,0.0,0.0,0.5,1.0,miltosh01
519,412,Immanuel Quickley,SG,24,NYK,30,0,24.0,5.1,11.2,0.454,2.1,5.4,0.395,2.9,5.8,0.509,0.549,2.7,3.1,0.872,0.2,2.4,2.6,2.5,0.5,0.1,1.0,1.5,15.0,quickim01
523,415,Julius Randle,PF,29,NYK,46,46,35.4,8.6,18.2,0.472,1.7,5.3,0.311,6.9,12.9,0.539,0.518,5.1,6.6,0.781,2.2,7.0,9.2,5.0,0.5,0.3,3.5,2.7,24.0,randlju01
534,426,Mitchell Robinson,C,25,NYK,21,21,29.2,2.8,4.7,0.592,0.0,0.0,,2.8,4.7,0.592,0.592,0.7,1.8,0.368,5.3,5.0,10.3,0.7,1.5,1.3,1.0,1.9,6.2,robinmi01
573,457,Jericho Sims,C,25,NYK,38,10,13.6,1.0,1.3,0.745,0.0,0.0,,1.0,1.3,0.745,0.745,0.3,0.5,0.65,1.3,2.1,3.4,0.6,0.2,0.4,0.3,0.9,2.3,simsje01
574,458,Dmytro Skapintsev,C,25,NYK,2,0,1.0,0.0,0.5,0.0,0.0,0.0,,0.0,0.5,0.0,0.0,0.0,0.0,,0.0,0.0,0.0,0.0,0.0,0.0,0.0,0.0,0.0,skapidm01
616,492,Jacob Toppin,SF,23,NYK,9,0,4.2,0.6,1.0,0.556,0.1,0.4,0.25,0.4,0.6,0.8,0.611,0.2,0.2,1.0,0.3,0.4,0.8,0.3,0.0,0.1,0.1,0.3,1.4,toppija01
683,548,Dylan Windler,SF,27,NYK,3,0,2.3,0.3,0.7,0.5,0.3,0.7,0.5,0.0,0.0,,0.75,0.0,0.0,,0.0,0.3,0.3,0.3,0.0,0.0,0.0,0.3,1.0,windldy01

,Rk,Player,Pos,Age,Tm,G,GS,MP,FG,FGA,FG%,3P,3PA,3P%,2P,2PA,2P%,eFG%,FT,FTA,FT%,ORB,DRB,TRB,AST,STL,BLK,TOV,PF,PTS,Player-additional
37,28,Harrison Barnes,PF,31,SAC,65,65,29.3,4.3,8.8,0.489,1.9,4.8,0.406,2.4,4.0,0.588,0.6,1.8,2.2,0.806,0.8,2.1,2.8,1.1,0.7,0.2,0.7,1.3,12.3,barneha02
168,131,Chris Duarte,SF,26,SAC,45,11,13.1,1.4,3.6,0.393,0.8,2.1,0.368,0.6,1.5,0.426,0.5,0.5,0.6,0.759,0.4,1.5,2.0,0.8,0.5,0.1,0.4,1.5,4.1,duartch01
174,137,Kessler Edwards,SF,23,SAC,41,0,4.7,0.5,1.3,0.407,0.3,0.8,0.364,0.2,0.5,0.476,0.519,0.1,0.1,0.667,0.1,0.6,0.7,0.2,0.1,0.1,0.0,0.4,1.5,edwarke02
175,138,Keon Ellis,SG,24,SAC,40,6,12.8,1.3,3.0,0.449,0.9,2.3,0.389,0.5,0.7,0.643,0.597,0.3,0.5,0.632,0.4,1.1,1.5,1.3,0.7,0.4,0.5,1.5,3.8,elliske01
192,148,Jordan Ford,PG,25,SAC,6,0,3.7,0.7,1.2,0.571,0.3,0.5,0.667,0.3,0.7,0.5,0.714,0.3,0.3,1.0,0.0,0.3,0.3,0.3,0.0,0.0,0.2,0.0,2.0,fordjo01
197,151,De'Aaron Fox,PG,26,SAC,57,57,35.6,9.9,21.0,0.474,2.7,7.5,0.364,7.2,13.4,0.535,0.539,4.4,6.1,0.72,0.9,3.4,4.3,5.6,1.9,0.4,2.6,2.6,27.0,foxde01
289,226,Kevin Huerter,SG,25,SAC,62,57,24.9,4.0,9.0,0.445,2.0,5.5,0.363,2.0,3.5,0.573,0.556,0.6,0.8,0.766,0.6,3.0,3.6,2.6,0.7,0.4,0.8,2.2,10.6,huertke01
322,257,Colby Jones,SG,21,SAC,19,0,6.6,0.9,2.5,0.375,0.1,0.7,0.077,0.9,1.8,0.486,0.385,0.1,0.3,0.4,0.5,0.8,1.4,0.6,0.2,0.1,0.3,0.8,2.1,jonesco02
326,261,Mason Jones,SG,25,SAC,1,0,13.0,0.0,3.0,0.0,0.0,2.0,0.0,0.0,1.0,0.0,0.0,1.0,2.0,0.5,1.0,3.0,4.0,4.0,0.0,0.0,0.0,0.0,1.0,jonesma05
350,285,Alex Len,C,30,SAC,31,0,8.7,1.2,1.9,0.6,0.0,0.1,0.0,1.2,1.8,0.632,0.6,0.3,0.7,0.476,1.1,1.6,2.7,0.9,0.3,0.5,0.6,1.2,2.6,lenal01
375,303,Trey Lyles,PF,28,SAC,49,0,19.8,2.4,5.3,0.45,1.4,3.7,0.383,1.0,1.7,0.598,0.582,0.9,1.3,0.698,1.0,3.4,4.4,1.1,0.3,0.3,0.6,1.6,7.1,lylestr01
407,325,JaVale McGee,C,36,SAC,40,0,7.9,1.9,2.9,0.632,0.0,0.1,0.2,1.8,2.8,0.652,0.637,0.6,1.1,0.581,0.9,1.9,2.8,0.4,0.3,0.5,0.8,1.1,4.4,mcgeeja01
431,342,Davion Mitchell,PG,25,SAC,55,4,13.7,1.7,3.8,0.452,0.7,2.0,0.333,1.1,1.9,0.578,0.538,0.4,0.5,0.741,0.2,0.9,1.1,1.7,0.2,0.1,0.6,1.2,4.5,mitchda01
435,346,Malik Monk,SG,25,SAC,64,0,26.2,5.6,12.5,0.449,2.2,6.0,0.37,3.4,6.5,0.522,0.538,2.3,2.8,0.811,0.4,2.6,3.0,5.3,0.6,0.6,2.1,2.1,15.7,monkma01
449,358,Keegan Murray,SF,23,SAC,60,60,33.0,5.6,12.1,0.462,2.2,6.1,0.359,3.4,6.0,0.569,0.553,1.4,1.7,0.84,1.3,4.1,5.3,1.6,1.1,0.7,0.9,2.7,14.8,murrake02
491,387,Filip Petrušev,C,23,SAC,2,0,3.5,0.5,1.0,0.5,0.0,0.0,,0.5,1.0,0.5,0.5,0.5,1.0,0.5,0.0,0.0,0.0,0.0,0.0,0.0,0.0,0.5,1.5,petrufi01
548,436,Domantas Sabonis,C,27,SAC,65,65,35.8,8.1,13.2,0.615,0.4,1.1,0.414,7.7,12.2,0.633,0.632,3.3,4.8,0.7,3.5,10.1,13.6,8.4,0.9,0.6,3.3,3.1,20.1,sabondo01
575,459,Jalen Slawson,SF,24,SAC,6,0,3.3,0.3,0.5,0.667,0.0,0.2,0.0,0.3,0.3,1.0,0.667,0.0,0.0,,0.0,0.8,0.8,0.3,0.0,0.2,0.3,0.7,0.7,slawsja01
618,494,Juan Toscano-Anderson,SF,30,SAC,11,0,4.8,0.3,1.1,0.25,0.1,0.4,0.25,0.2,0.7,0.25,0.292,0.0,0.0,,0.4,0.9,1.3,0.4,0.1,0.1,0.2,1.0,0.6,toscaju01
632,506,Sasha Vezenkov,PF,28,SAC,35,0,12.6,2.1,4.7,0.448,1.1,2.9,0.38,1.0,1.9,0.554,0.564,0.3,0.4,0.769,0.9,1.6,2.5,0.4,0.5,0.2,0.3,1.0,5.6,vezenal01

